          32
     0.050000001      -1.8370001      -1.7970001      -1.7570001
      0.30000001      -1.5420000      -1.3920000      -1.2420000
      0.50000000      -1.4320000      -1.2820000      -1.1320000
      0.69999999      -1.3220000      -1.0920000     -0.86200004
       1.0000000      -1.3720000      -1.1420000     -0.91199999
     0.039999999      -1.8430000      -1.7430000      -1.6430000
      0.13000000      -1.9250000      -1.7350000      -1.5450000
      0.30000001      -1.6559999      -1.5260000      -1.3960000
      0.50000000      -1.5335001      -1.4235001      -1.3135001
      0.69999999      -1.3415000      -1.2315000      -1.1215000
      0.89999998      -1.0740200     -0.98302001     -0.89202001
       1.1000000      -1.0241500     -0.93115000     -0.83815000
       1.4500000      -1.0322000     -0.93219999     -0.83219999
       2.0999999     -0.81120000     -0.71120000     -0.61120000
       3.0000000      -1.1324000     -0.96239996     -0.79239996
       4.0000000      -1.8900001      -1.5300001      -1.1700000
       1.1000000      -1.0974000     -0.94739998     -0.79739998
       1.7500000     -0.86740000     -0.67740000     -0.48740000
       2.2300000     -0.95740000     -0.79740001     -0.63740001
       2.3000000     -0.73000000     -0.59000000     -0.45000000
       3.0500000      -1.0000000     -0.81000003     -0.62000003
       3.8000000      -1.2100000      -1.1380000      -1.0660000
       4.9000001      -1.4300000      -1.3450000      -1.2600000
       5.9000001      -1.7060000      -1.5760000      -1.4460000
       7.0000000      -1.8100000      -1.6000000      -1.3900000
       7.0700002      -1.7980000      -1.6480000      -1.4980000
       7.9000001      -2.3290001      -1.9090001      -1.4890001
       7.0500002      -2.0320000      -1.7820000      -1.5320000
       7.9499998      -2.1850001      -1.9150001      -1.6450000
       9.0000000      -2.3780001      -1.9880001      -1.5980001
       10.000000      -2.9540001      -2.3240001      -1.6940001
       10.400000      -3.1460000      -2.4060000      -1.6660000
