	23
     0.029999999      -1.7525000      -1.6525000      -1.5525000
     0.029999999      -2.0855000      -1.8825000      -1.6795001
      0.55000001      -1.4425000      -1.2725000      -1.1025000
      0.85000002      -1.1425000     -0.89249998     -0.64249998
       1.1500000      -1.0925000     -0.82249998     -0.55249997
       1.5500000      -1.1125000     -0.84250002     -0.57250001
       2.0500000      -1.1325000     -0.82249998     -0.51249998
      0.55000001      -1.3225000      -1.1525000     -0.98250002
      0.85000002      -1.2225000      -1.0325000     -0.84250002
       1.1500000      -1.1525000     -0.89249998     -0.63249999
       1.5500000      -1.1125000     -0.87249999     -0.63250000
       2.0500000     -0.94250000     -0.73250001     -0.52250002
      0.15000001      -1.7500000      -1.6346500      -1.5193000
      0.38000000      -1.4600000      -1.4124100      -1.3648200
      0.52999997      -1.3700001      -1.3124101      -1.2548201
      0.69999999      -1.2000000      -1.1324100      -1.0648200
      0.89999998     -0.99000000     -0.93241000     -0.87482000
       1.1000000     -0.86000000     -0.80241000     -0.74482000
       1.4500000     -0.87999997     -0.83240997     -0.78481998
       1.8500000     -0.89000002     -0.85241001     -0.81482001
       2.2500000      -1.0299100     -0.90241003     -0.77491003
       2.7500000      -1.0899100     -0.85241001     -0.61491002
       3.5999999      -1.8600100      -1.3524100     -0.84481000
